食物名称	热量（千卡）	钙（毫克）	核黄素（毫克）	脂肪（克）	铁（毫克）	维生素C（毫克）	膳食纤维（克）	锌（毫克）	胆固醇（毫克）	胡萝卜素（微克）	磷（毫克）	钠（毫克）	硫胺素（毫克）	蛋白质（克）	镁（毫克）	烟酸（毫克）	碳水化合物（克）	锰（毫克）	维生素E（毫克）	维生素A（微克）	铜（毫克）	钾（毫克）	视黄醇当量（微克）	硒（微克）
18岁男性	2,600-3,000	1,000-1,200	1.3	75-105	8	90	30	11	<300	900	700	1,500	1.2	56	400	16-20%	2.3	15	333	0.9	2,000-3,000	0.9	3,000	55
18岁女性	2,000-2,400	1,000-1,200	1.0	60-80	18	75	25	8	<300	700	600	1,200	1.0	46	310	17-21%	1.8	13	400	0.8	2,000-2,800	0.8	2,310	45
30岁男性	2,400-2,800	1,000-1,200	1.3	70-100	8	90	30	11	<300	900	700	1,200	1.2	56	400	16-20%	2.3	15	333	0.9	2,000-3,000	0.9	3,000	55
30岁女性	1,800-2,200	1,000-1,200	1.1	50-70	18	75	25	8	<300	700	600	1,000	1.1	46	310	17-21%	1.8	13	400	0.8	2,000-2,800	0.8	2,310	45
50岁男性	2,200-2,600	1,000-1,200	1.3	65-95	8	90	30	11	<300	900	700	1,000	1.2	56	400	16-20%	2.3	15	333	0.9	2,000-3,000	0.9	3,000	55
50岁女性	1,600-2,000	1,000-1,200	1.1	45-65	8	75	25	8	<300	700	500	1,000	1.1	46	310	17-21%	1.8	13	400	0.8	2,000-2,800	0.8	2,310	45
谷类
小麦	317	34	0.1	1.3	5.1	0	10.8	2.33	0	1.6	325	6.8	0.4	11.9	4	4	64.4	3.1	1.82	0	0.43	289	10	4.05
五谷香	377	2	0.19	2.6	0.5	0	0.5	0.23	0	3	13	1	0.11	9.9	0	0	78.4	0.05	2.31	0	0.08	7	5.6	1.15
小麦胚粉	392	85	0.79	10.1	0.6	0	5.6	23.4	0	4.7	1168	4.6	3.5	36.4	198	3.7	38.9	17.3	23.2	0	0.83	1523	4.3	65.2
挂面	346	17	0.04	0.6	3	0	0.7	0.94	0	1.2	134	184.5	0.19	10.3	49	2.5	74.9	0.92	1.04	0	0.39	129	12.3	11.77
面条	284	11	0.07	0.7	3.6	0	0.8	1.43	0	0.6	162	28	0.22	8.3	39	1.4	61.1	0.86	0.59	0	0.17	138	28.5	11.74
通心面	350	14	0.03	0.1	2.6	0	0.4	1.55	0	0.4	97	35	0.12	11.9	58	1	75.4	0.67	0	0	0.16	209	11.8	5.8
花卷	211	19	0.02	1	0.4	0	1.5	0	0	1.3	72	95	0	6.4	12	1.1	44.1	0	0	0	0.09	83	45.7	6.17
空锅饼	277	2	0	0.2	5.8	0	0.7	1.73	0	0.9	133	243.2	0.14	8.6	30	0	60.2	0.78	0.08	0	0.13	138	29.4	24.19
烙饼	255	20	0.04	2.3	2.4	0	1.9	0.94	0	0.9	146	149.3	0.02	7.5	51	0	51	1.15	1.03	0	0.15	141	36.4	7.5
馒头	221	38	0.05	1.1	1.8	0	1.3	0.71	0	1	1.7	165.1	0.04	7	30	0	45.7	0.78	0.65	0	0.1	138	43.9	8.45
油饼	399	46	0.05	22.9	2.3	0	2	0.97	0	2	124	572.5	0.11	7.9	13	0	40.4	0.71	13.72	0	0.27	106	24.8	10.6
油条	386	6	0.07	17.6	1	0	0.9	0.75	0	2.7	77	585.2	0.01	6.9	19	0.7	50.1	0.52	3.19	0	0.19	227	21.8	8.6
水面筋	141	76	0.07	0.1	4.2	0	0.9	1.76	0	0.6	133	15	0.1	23.5	26	1.1	11.4	0.86	0.65	0	0.19	69	63.5	1
油面筋	490	29	0.05	25.1	2.5	0	1.3	2.29	0	0.5	98	29.5	0.03	26.9	40	2.2	39.1	1.28	7.18	0	0.5	45	7.1	22.8
稻米	346	13	0.05	0.8	2.3	0	0.7	1.7	0	0.6	110	3.8	0.11	7.4	34	1.9	77.2	1.29	0.46	0	0.3	103	13.3	2.23
早籼	359	13	0.05	2.2	5.1	0	1.4	2.73	0	1.5	257	1.6	0.14	9.9	0	5	74.8	2.73	0.25	0	0.25	214	10.2	1.84
黑米	333	12	0.13	2.5	1.6	0	3.9	3.8	0	1.6	356	7.1	0.33	9.4	147	7.9	68.3	1.72	0.22	0	0.15	256	14.3	3.2
香大米	346	8	0.08	0.9	5.1	0	0.6	0.69	0	1.1	106	21.5	0	12.7	12	2.6	71.8	1.75	0.7	0	0.52	49	12.9	4.6
糯米	348	26	0.04	1	1.4	0	0.8	1.54	0	0.8	113	1.5	0.11	7.3	49	2.3	77.5	1.54	1.29	0	0.25	137	12.6	2.71
米饭	116	7	0.03	0.3	1.3	0	0.3	0.92	0	0.3	62	2.5	0.02	2.6	15	1.9	25.6	0.58	0	0	0.06	30	70.9	0.4
肚里黄	321	3	0.02	1.2	2.4	0	8	2.31	0	1.7	436	5.2	0.37	8.8	80	1.6	68.7	1.08	1.28	0	13.66	223	11.6	0
青稞	339	113	0.11	1.5	40.7	0	1.8	2.38	0	3	405	77	0.34	8.1	65	6.7	73.2	2.08	0.96	0	5.13	644	12.4	4.6
小米	358	41	0.1	3.1	5.1	0	1.6	1.87	0	1.2	229	4.3	0.33	9	107	1.5	73.5	0.89	3.63	17	0.54	284	11.6	4.74
小米面	356	40	0.08	2.1	6.1	0	0.7	1.18	0	1.2	159	6.2	0.13	7.2	57	2.55	77	0.55	0	0	0.32	129	11.8	2.82
小米粥	46	10	0.07	0.7	1	0	0	0.41	0	0.2	32	4.1	0.02	1.4	22	0.9	8.4	0.16	0.26	0	0.07	19	89.3	0.3
高粱米	351	22	0.1	3.1	6.3	0	4.3	1.64	0	1.5	329	6.3	0.29	10.4	129	1.6	70.4	1.22	1.88	0	0.53	281	10.3	2.83
荞麦	324	47	0.16	2.3	6.2	0	6.5	3.62	0	2.4	297	4.7	0.28	9.3	258	2.2	66.5	2.04	4.4	3	0.56	401	13	2.45
莜麦面	366	27	0.04	7.2	13.6	0	4.6	2.21	0	1.8	35	2.2	0.39	12.2	146	3.9	63.2	3.86	7.96	3	0.89	319	11	0.5
薏米面	342	42	0.14	2.4	7.4	0	4.8	1.39	0	1.9	134	2.3	0.07	11.3	50	2.4	68.7	1.51	4.89	0	0.26	163	10.9	3.06
烧饼	293	51	0.01	2.1	1.6	0	2.1	0.36	0	1.3	105	62.5	0	8	26	1.1	60.6	0	0.39	0	0.15	122	25.9	12.16
粳米	343	11	0.08	0.6	1.1	0	0.6	1.45	0	0.6	121	2.4	0.16	7.7	34	1.3	76.8	1.36	1.01	0	0.19	97	13.7	2.5
籼米	346	7	0.06	0.7	1.3	0	0.6	1.46	0	0.7	146	2.7	0.15	7.7	33	2.1	77.3	1	0.43	0	0.23	89	13	3.8
晚籼	345	9	0.05	0.7	1.2	0	0.5	1.52	0	0.6	140	1.5	0.17	7.9	53	1.7	76.8	1.11	0.22	0	0.16	112	13.5	2.83
籼稻谷	344	0	0.03	2	5.5	0	2	3.29	0	1.2	0	22	0.15	7	0	5.1	74.4	3.2	0.19	0	0.35	220	13.4	3.12
优糯米	344	8	0.03	1	0.8	0	0.6	1.2	0	0.5	48	1.2	0.1	9	50	1.9	74.7	0.86	0.93	0	0.25	136	14.2	2.8
早糯谷	354	19	0.04	3.2	3	0	2.8	4.92	0	1.4	297	4.1	0.19	7.1	149	0.7	74.2	0	0.13	7	0.53	0	11.3	1.98
紫红糯米	343	13	0.12	1.7	3.9	0	1.4	2.16	0	1.1	183	4	0.31	8.3	16	4.2	73.7	2.37	1.36	0	0.29	219	13.8	2.88
薯类淀粉
马铃薯	76	8	0.04	0.2	0.8	27	0.7	0.37	0	0.8	40	2.7	0.08	2	23	1.1	16.5	0.14	0.34	5	0.12	342	79.8	0.78
马铃薯粉	337	171	0.06	0.5	10.7	0	1.4	1.22	0	2.9	123	4.7	0.08	7.2	27	5.1	76	0.37	0.28	20	1.06	1075	12	1.58
甘薯	104	24	0.04	0.2	0.8	24	1	0.22	0	0.6	46	58.2	0.07	1.4	17	0.6	24.2	0.21	0.43	37	0.16	174	72.6	0.63
甘薯片	340	112	0.11	0.8	3.7	9	2	0.35	0	1.9	115	26.4	0.15	4.7	102	1.1	78.5	1.14	0.38	25	0.5	353	12.1	2.64
甘薯粉	336	33	0.05	0.2	10	0	0.1	0.29	0	1.7	12	26.4	0.03	2.7	102	0.2	80.8	0.33	0	3	0.05	66	14.5	2.62
木薯	116	88	0.09	0.3	2.5	35	1.6	0	0	0.8	50	8	0.21	2.1	66	1.2	26.2	0	0	0	0	764	69	0
蚕豆淀粉	341	36	0	0	2.3	0	0.5	0.05	0	0.1	29	18.2	0.04	0.5	8	0	84.8	0.07	0	0	0.04	10	14.1	0.54
豌豆淀粉	341	4	0	0	1.7	0	0.3	0.22	0	0.8	10	3.4	0.01	0.6	4	0.1	84.7	0.29	0	0	0.03	93	13.6	0
玉米淀粉	345	18	0.04	0.1	4	0	0.1	0.09	0	0.2	25	6.3	0.03	1.2	6	1.1	84.9	0.05	0	0	0.07	8	13.5	0.7
团粉	346	34	0	0	3.6	0	0.8	0.18	0	0.1	25	13.3	0.01	1.5	14	0.2	85	0.08	0	0	0.06	16	12.6	0.37
藕粉	372	8	0.01	0	17.9	0	0.1	0.15	0	0.4	9	10.8	0	0.2	2	0.4	92.9	0.28	0	0	0.22	35	6.4	2.1
桂花藕粉	344	36	0.01	0.1	20.8	0	0	0.23	0	0.6	13	6.5	0	0.4	5	0.2	85.3	0.34	0	0	0.05	14	13.6	0.39
魔芋精粉	37	45	0.1	0.1	1.6	0	74.4	2.05	0	4.3	272	49.9	0	4.6	66	0.4	4.4	0.88	0	0	0.17	299	12.2	350.15
粉丝	335	31	0.02	0.2	6.4	0	1.1	0.27	0	0.3	16	9.3	0.03	0.8	11	0.4	82.6	0.15	0	0	0.05	18	15	3.39
豌豆粉丝	367	10	0	0	3.5	0	0.3	0.32	0	0.2	9	5	0.02	0.4	4	0	91.4	0.09	0	0	0.05	6	7.7	0
粉条	337	35	0	0.1	5.2	0	0.6	0.83	0	0.9	23	9.6	0.01	0.5	11	0.1	83.6	0.16	0	0	0.18	18	14.3	2.18
干豆类
黄豆	359	191	0.2	16	8.2	0	15.5	3.34	0	4.6	465	2.2	0.41	35	199	2.1	18.7	2.26	18.9	37	1.35	1503	10.2	6.16
黑豆	381	224	0.33	15.9	7	0	10.2	4.18	0	4.6	50	3	0.2	36	243	2	23.4	2.83	17.36	5	1.56	1377	9.9	6.79
青豆	373	200	0.18	16	8.4	0	12.6	3.18	0	4.6	395	1.8	0.41	34.5	128	3	22.8	2.25	10.09	132	1.38	718	9.5	5.62
黄豆粉	418	207	0.22	18.3	8.1	0	7	3.89	0	4.7	395	3.6	0.31	32.7	129	2.5	30.6	2	33.69	63	1.39	1890	6.7	2.47
豆腐花	401	175	0.03	2.6	3.3	0	0	0.75	0	1.5	95	0	0.02	10	60	0.4	84.3	0.52	5	42	0.28	339	1.6	1.7
豆浆粉	422	101	0.05	9.4	3.7	0	2.2	1.77	0	2.6	253	26.4	0.07	19.7	122	0.7	64.6	1.24	17.99	0	0.69	771	1.5	3.3
豆粕	310	154	0.2	2.1	14.9	0	7.6	0.5	0	6	28	76	0.49	42.5	158	2.5	30.3	2.49	5.81	0	1.1	1391	11.5	1.5	
豆腐	81	164	0.03	3.7	1.9	0	0.4	1.11	0	1.2	119	7.2	0.04	8.1	27	0.2	3.8	0.47	2.71	0	0.27	125	82.8	2.3
豆浆	14	10	0.02	0.7	0.5	0	1.1	0.24	0	0.2	30	3	0.02	1.8	9	0.1	0	0.09	0.8	15	0.07	48	96.4	0.14
豆奶	30	23	0.06	1.5	0.6	0	0	0.24	5	0.3	35	3.2	0.02	2.4	7	0.3	1.8	0.11	4.5	0	5.57	92	94	0.73
豆汁	10	8	0.02	0.1	0.4	0	0.1	0.11	0	0.2	21	6.5	0.02	0.9	6	0.1	1.3	0	0.34	0	0.05	47	97.4	0.25
酸豆奶	67	32	0	1.2	0.4	0	0	0.21	0	0.3	22	18.6	0.06	2.2	16	0.7	11.8	0.12	1.11	0	0.08	70	84.5	0.2
豆腐丝	201	204	0.12	10.5	9.1	0	1.1	2.04	0	3.4	220	20.6	0.04	21.5	127	0.5	5.1	1.71	9.76	5	0.29	74	58.4	1.39
豆腐卷	201	156	0.04	11.6	6.1	0	1	2.76	0	1.7	288	81.1	0.02	17.9	152	0.4	6.2	1.66	27.63	30	0.42	82	61.6	2.51
豆腐皮	409	116	0.11	17.4	13.9	0	0.2	3.81	0	2.7	318	9.4	0.31	44.6	111	1.5	18.6	3.51	20.63	0	1.86	536	16.5	2.26
油豆腐	244	147	0.04	17.6	5.2	0	0.6	2.03	0	1.7	238	32.5	0.05	17	72	0.3	4.3	1.38	24.7	5	0.3	158	58.8	0.63
腐竹	459	77	0.07	21.7	16.5	0	1	3.69	0	3.5	284	26.5	0.13	44.6	71	0.8	21.3	2.55	27.84	0	1.31	553	7.9	6.65
枝竹	472	49	0.07	24.7	10.8	0	2.7	3.2	0	3.2	490	83	0.11	44.4	162	0.9	18.1	2.9	26.78	0	0.78	837	6.9	6.14
千张	260	313	0.05	16	6.4	0	1	2.52	0	2	309	20.6	0.04	24.5	80	0.2	4.5	1.96	23.38	5	0.46	94	52	1.75
豆腐干	140	308	0.07	3.6	4.9	0	0.8	1.76	0	3.5	273	76.5	0.03	16.2	64	0.3	10.7	1.31	0	0	0.77	140	65.2	0.02
豆肝尖	192	5	0.06	12	7.4	0	5.7	1.9	0	3.8	209	614.5	0.01	17.2	25	0.1	3.7	1.4	37.58	0	0.11	24	57.6	3.19
素大肠	153	445	0.02	3.6	3.8	0	1	4.03	0	2.3	249	144.7	0.02	18.1	56	0.1	12	1.14	0	0	1.06	179	63	0
素火腿	211	8	0.03	13.2	7.3	0	0.9	1.96	0	7.9	115	675.9	0.07	19.1	25	0.1	3.9	1.57	25.99	0	0.16	24	55	3.18
素鸡	192	319	0.03	12.5	5.3	0	0.9	1.74	0	2.5	180	373.8	0.02	16.5	61	0.4	3.3	1.12	17.8	10	0.27	42	64.3	6.73
素鸡丝卷	186	103	0.04	13.7	6	0	5.6	1.52	0	1.5	261	0	0.03	11.2	121	0.5	4.5	1.63	27.72	5	0.22	56	63.5	2.29
素什锦	173	174	0.04	10.2	6	0	2	1.25	0	2.2	186	475.1	0.07	14	45	0.5	6.3	1.06	9.51	0	0.21	143	65.3	2.8
炸素虾	576	251	0.02	44.4	6.3	0	2.7	2.49	0	5.3	245	1440	0.04	27.6	110	1.6	16.6	1.03	50.79	0	0.37	211	3.4	4.3
烤麸	121	30	0.05	0.3	2.7	0	0.2	1.19	0	1.4	72	230	0.04	20.4	38	1.2	9.1	0.73	0.42	0	0.25	25	68.6	0
绿豆	316	81	0.11	0.8	6.5	0	6.4	2.18	0	3.3	337	3.2	0.25	21.6	125	2	55.6	1.11	10.95	22	1.08	787	12.3	4.28
绿豆面	330	134	0.12	0.7	8.1	0	5.8	2.68	0	3.1	304	3.3	0.45	20.8	0	0.7	60	0	0	15	1.55	1055	9.6	10.58
绿豆饼	122	18	0.02	1.2	1	0	0	0.422	0	1.2	25	3.1	0.07	15.2	2	0	12.7	0.31	0	0	0.19	16	69.7	0
赤小豆	309	74	0.11	0.6	7.4	0	7.7	2.2	0	3.2	305	2.2	0.16	20.2	138	2	55.7	1.33	14.36	13	0.64	860	12.6	3.8
小豆粥	61	13	0	0.4	0.6	0	0.6	0.33	0	0.3	14	2.3	0	1.2	17	0.2	13.1	0.09	0.19	0	0.03	45	84.4	0.5
豆沙	243	42	0.05	1.9	8	0	1.7	0.32	0	0.7	68	23.5	0.03	5.5	2	0.3	51	0.33	4.37	0	0.13	139	39.2	0.89
红豆馅	240	2	0.05	3.6	1	0	7.9	0.89	0	0.6	89	3.3	0.04	4.8	13	1.7	47.2	0.25	9.17	0	0.13	226	35.9	0.71
花豆	317	38	0	1.3	0.3	0	5.5	1.27	0	2.1	48	12.5	0.25	19.1	17	3	57.2	1.22	6.13	72	0.94	358	14.8	19.05
芸豆	296	0	0.26	1.4	0	0	9.8	0	0	3.6	0	0	0.18	36.4	0	2.4	47.4	0	6.16	0	0	0	14.4	0
蚕豆	335	31	0.13	1	8.2	2	1.7	3.42	0	2.7	418	86	0.09	21.6	57	1.9	59.8	1.09	1.6	0	0.99	1117	13.2	1.3
马牙大豆	321	7	0.05	0.9	1.3	0	8.4	2.61	0	2.9	510	87	0.59	27.2	89	0	51	0.79	2.49	0	2.63	181	9.6	0.77
脑豆	360	327	0.28	3.8	7.7	0	1.5	2.45	0	2.5	354	12	0.35	23.4	171	2.9	58.1	2.05	19.21	0	1.14	686	10.7	7.34
扁豆	326	137	0.45	0.4	19.2	0	6.5	1.9	0	2.5	128	2.3	0.26	25.3	92	2.6	55.4	1.19	1.86	5	1.27	439	9.9	32
眉豆	320	60	0.18	1.1	5.5	0	6.6	4.7	0	2.7	310	86.5	0.15	18.6	171	2.1	59	2.14	12.29	0	0.86	525	12	2.89
豇豆	322	40	0.08	1.2	7.1	0	7.1	3.04	0	3	344	6.8	0.16	19.3	36	1.9	58.5	1.07	8.61	10	2.1	737	10.9	5.74
豌豆	313	97	0.14	1.1	4.9	0	10.4	2.35	0	2.4	259	9.7	0.49	20.3	118	2.4	55.4	1.15	8.47	42	0.47	823	10.4	1.69
荆豆	396	207	0.25	14.3	7.3	0	5.2	0	0	4.6	785	0	0	43.6	0	1.8	23.3	0	0	42	0	0	9	0
木豆	340	231	0	4.5	12.5	0	3.7	0	0	6.2	528	0	0.66	19.8	0	0	55.1	0	0	0	0	0	10.7	0
蔬菜类
白萝卜	21	36	0.03	0.1	0.5	21	1	0.3	0	0.6	26	61.8	0.02	0.9	16	0.3	4	0.09	0.92	3	0.04	173	93.4	0.61
红萝卜	20	11	0.02	0.1	2.8	3	0.8	0.69	0	0.5	26	62.7	0.05	1	16	0.1	3.8	0.06	1.2	0	0	110	93.8	0	
花叶萝卜	43	16	0.02	0.1	3.1	3	2.1	0.74	0	0.5	25	47.2	0.01	1.2	20	0	9.4	0.08	0.4	0	0	104	86.7	0.07
青萝卜	31	40	0.06	0.2	0.8	14	0.8	0.34	0	0.7	34	69.9	0.04	1.3	12	0	6	0.12	0.22	10	0.02	232	91	0.59
水萝卜	20	0	0.05	0	0	45	1.4	0.49	0	0.8	0	9.7	0.03	0.8	0	0	4.1	0.05	0	42	0.01	0	92.9	0
芥菜头	33	65	0.02	0.2	0.8	34	1.4	0.39	0	0.9	36	65.6	0.06	1.9	19	0.6	6	0.15	0.2	0	0.09	243	89.6	0.95
苤蓝	30	25	0.02	0.2	0.3	41	1.3	0.17	0	0.7	46	29.8	0.04	1.3	24	0.5	5.7	0.11	0.13	3	0.02	190	90.8	0.16
甜菜根	75	56	0.04	0.1	0.9	8	2.9	0.31	0	0.6	18	20.8	0.05	1	38	0.2	17.6	0.83	1.85	0	0.15	254	74.8	0.29
刀豆	36	49	0.07	0.3	4.6	15	1.8	0.84	0	0.6	57	8.5	0.05	3.1	29	1	5.2	0.45	0.4	37	0.09	209	89	0.88
豆角	30	29	0.07	0.2	1.5	18	2.1	0.54	0	0.6	55	3.4	0.05	2.5	35	0.9	4.6	0.41	2.24	33	0.15	207	90	2.16
荷兰豆	27	51	0.04	0.3	0.9	16	1.4	0.5	0	0.4	19	8.8	0.09	2.5	16	0.7	3.5	0.48	0.3	80	0.06	116	91.9	0.42
龙豆	32	147	0.06	0.5	1.3	11	1.9	0.46	0	0.8	54	4.1	0.04	3.7	46	1	3.1	0.19	0.77	87	0.35	142	90	4.06
龙牙豆	17	30	0.54	0.2	0.8	12	1.3	0.47	0	0.4	38	1.8	0.01	2.6	20	0.8	1.1	0.6	0	87	0.07	200	94.4	5.6
毛豆	123	135	0.07	5	3.5	27	4	1.73	0	1.8	188	3.9	0.15	13.1	70	1.4	6.5	1.2	2.44	22	0.54	478	69.6	2.48
四季豆	28	42	0.07	0.4	1.5	6	1.5	0.23	0	0.6	51	8.6	0.04	2	27	0.4	4.2	0.18	1.24	35	0.11	123	91.3	0.43
垅船豆	34	37	0.02	0.4	1.3	1.	1.3	0.22	0	0.5	0	0.9	0.04	2	22	0.3	5.5	0	0	13	0.06	192	90.3	0
黄豆芽	44	21	0.07	1.6	0.9	8	1.5	0.54	0	0.6	74	7.2	0.04	4.5	21	0.6	3	0.34	0.8	5	0.14	160	88.8	0.96
绿豆芽	18	9	0.06	0.1	0.6	6	0.8	0.35	0	0.3	37	4.4	0.05	2.1	18	0.5	2.1	0.1	0.19	2	0.1	68	96.6	0.5
豌豆苗	34	40	0.11	0.8	4.2	67	1.9	0.77	0	1	37	18.5	0.05	4	21	1.1	2.7	0.76	2.46	445	0.2	222	89.6	1.09
茄子	21	24	0.04	0.2	0.5	5	1.3	0.23	0	0.4	23	5.4	0.02	1.1	13	0.6	3.6	0.13	1.13	8	0.1	142	93.4	0.48
番茄	19	10	0.03	0.2	0.4	19	0.5	0.13	0	0.5	23	5	0.03	0.9	9	0.6	3.5	0.08	0.57	92	0.06	163	94.4	0.15
红辣椒	212	12	0.16	12	6	0	41.7	8.21	0	5.7	298	4	0.53	15	131	1.2	11	11.7	8.76	0	0.61	1085	14.6	0
青辣椒	23	15	0.04	0.3	0.7	62	2.1	0.22	0	0.6	33	2.2	0.03	1.4	15	0.5	3.7	0.14	0.88	57	0.11	209	91.9	0.62
甜椒	22	14	0.03	0.2	0.8	72	1.4	0.19	0	0.4	20	3.3	0.03	1	12	0.9	4	0.12	0.59	57	0.09	142	93	0.38
葫子	27	49	0.06	0.1	0	29	0.9	0.56	0	0.2	27	1.2	0.01	0.7	10	0.7	5.9	0	1.14	163	0.87	73	92.2	4.4
秋葵	37	45	0.09	0.1	0.1	4	3.9	0.23	0	0.7	65	3.9	0.05	2	29	1	7.1	0.28	1.03	52	0.07	95	86.5	0.51
白瓜	10	6	0.04	0	0.1	16	0.9	0.04	0	0.3	11	1	0.02	0.9	8	0.1	1.7	0.11	0.2	0	0.01	70	96.2	1.1
菜瓜	18	20	0.01	0.2	0.5	12	0.4	0.1	0	0.3	14	1.6	0.02	0.6	15	0.2	3.5	0.03	0.03	3	0.03	136	95	0.63
冬瓜	11	19	0.01	0.2	0.2	18	0.7	0.07	0	0.2	12	1.8	0.01	0.4	8	0.3	1.9	0.03	0.08	13	0.07	78	96.6	0.22
方瓜	13	40	0.01	0	0.2	2	0.6	0.97	0	0.3	13	4.4	0.01	0.8	9	0.6	2.5	0.03	0.37	23	0.02	4	95.8	0.31
佛手瓜	16	17	0.1	0.1	0.1	8	1.2	0.08	0	0.6	18	1	0.01	1.2	10	0.1	2.6	0.03	0	3	0.02	76	94.3	1.45
葫芦	15	16	0.01	0.1	0.4	11	0.8	0.14	0	0.4	15	0.6	0.02	0.7	7	0.4	2.7	0.08	0	7	0.04	87	95.3	0.49
黄瓜	15	24	0.03	0.2	0.5	9	0.5	0.18	0	0.3	24	4.9	0.02	0.8	15	0.2	2.4	0.06	0.49	15	0.05	102	95.8	0.38
节瓜	12	4	0.05	0.1	0.1	39	1.2	0.08	0	0.3	13	0.2	0.02	0.6	7	0.4	2.2	0.1	0.27	0	0.02	40	95.6	0.26	
金瓜	14	17	0.02	0.1	0.9	2	0.7	0.17	0	0.4	10	0.9	0.02	0.5	8	0.6	2.7	0	0.43	10	0.04	152	95.6	0.28
金丝瓜	37	25	0.03	2	0.3	1	0.8	1.77	0	0.8	28	2	0.02	3.3	13	0.7	1.4	0.11	0.01	2	0.13	90	91.7	0.76
苦瓜	19	14	0.03	0.1	0.7	56	1.4	0.36	0	0.6	35	2.5	0.03	1	18	0.4	3.5	0.16	0.85	17	0.06	256	93.4	0.36
南瓜	22	16	0.04	0.1	0.4	8	0.8	0.14	0	0.4	24	0.8	0.03	0.7	8	0.4	4.5	0.08	0.36	148	0.03	145	93.5	0.46
南瓜粉	320	171	0.7	2.1	278	7	11.5	1.4	0	5	307	83.6	0.04	7.1	18	12.5	68.1	0.69	26.61	10	0.9	411	6.2	2.3
蛇瓜	15	191	0.3	0.1	1.2	4	2	0.42	0	0.4	14	2.2	0.1	1.5	47	0.1	1.9	0.16	0	3	0.04	763	94.1	0.3
丝瓜	20	14	0.04	0.2	0.4	5	0.6	0.21	0	0.3	29	2.6	0.02	1	11	0.4	3.6	0.06	0.22	15	0.06	115	94.6	0.86
笋瓜	12	14	0.02	0	0.6	5	0.7	0.09	0	0.3	27	0	0.04	0.5	7	0	2.4	0.05	0.29	17	0.03	96	96.1	0
大蒜	126	39	0.06	0.2	1.2	7	1.1	0.88	0	1.1	117	19.6	0.04	4.5	21	0.6	26.5	0.29	1.07	5	0.22	302	66.6	3.09
大葱	30	29	0.05	0.3	0.7	17	1.3	0.4	0	0.5	38	4.8	0.03	1.7	19	0.5	5.2	0.28	0.3	10	0.08	144	91	0.67
细香葱	37	54	0	0.3	2.2	14	1.1	0	0	0	61	0	0.04	2.5	0	0.5	6.1	0	0	77	0	0	90	0
小葱	24	72	0.06	0.4	1.3	21	1.4	0.35	0	0.4	26	10.4	0.05	1.6	18	0.4	3.5	0.16	0.49	140	0.06	143	92.7	1.06
韭菜	26	42	0.09	0.4	1.6	24	1.4	0.43	0	0.8	38	8.1	0.02	2.4	25	0.8	3.2	0.43	0.96	235	0.08	247	91.8	1.38
韭黄	22	25	0.05	0.2	1.7	15	1.2	0.33	0	0.4	48	6.9	0.03	2.3	12	0.7	2.7	0.17	0.34	43	0.1	192	93.2	0.76
韭苔	33	11	0.07	0.1	4.2	1	1.9	1.34	0	0.5	29	1	0.04	2.2	22	0.2	5.9	0.18	0.96	80	0.05	121	89.4	2.28
薤	0	160	0	0	3.6	27	0.3	0.58	0	0	58	0	0	0	39	0	0	0.34	0.11	560	0.28	120	81.4	0
薤白	122	100	0.14	0.4	4.6	36	0.9	0	0	1.1	53	0	0.08	3.4	0	1	26.2	0	0	15	0	0	68	0
大白菜	17	50	0.05	0.1	0.7	31	0.8	0.38	0	0.6	31	57.5	0.04	1.5	11	0.6	2.4	0.15	0.76	20	0.05	0	94.6	0.49
酸白菜	14	48	0.02	0.2	1.6	2	0.5	0.36	0	1.1	38	43.1	0.02	1.1	21	0.6	1.9	0.07	0.86	5	0.04	104	95.2	1.27
小白菜	15	90	0.09	0.3	1.9	28	1.1	0.51	0	1	36	73.5	0.02	1.5	18	0.7	1.6	0.27	0.7	280	0.08	178	94.5	1.17	
白菜薹	25	96	0.08	0.5	2.8	44	1.7	0.87	0	1.4	54	26	0.05	2.8	19	1.2	2.3	0.41	0.52	160	0.18	236	91.3	6.68
红菜薹	41	26	0.04	2.5	2.5	57	0.9	0.9	0	0.8	60	1.5	0.05	2.9	15	0.9	1.8	0	0.51	13	0.12	221	91.1	8.43	
瓢儿白	15	59	0.03	0.2	1.8	10	1.6	0.54	0	0.8	3.6	56.9	0	1.7	91	0.5	1.6	0.19	0	200	0.06	245	94.1	3.4
油菜	23	108	0.11	0.5	1.2	36	1.1	0.33	0	1	39	55.8	0.04	1.8	22	0.7	2.7	0.23	0.88	103	0.06	210	92.9	0.79	
菜花	24	23	0.08	0.2	1.1	61	1.2	0.38	0	0.7	47	31.6	0.03	2.1	18	0.6	3.4	0.17	0.43	5	0.05	200	92.4	0.73
西兰花	33	67	0.13	0.6	1	51	1.6	0.78	0	0.7	72	18.8	0.09	4.1	17	0.9	2.7	0.24	0.91	1202	0.03	17	90.3	0.7
菠菜	24	66	0.11	0.3	2.9	31	1.7	0.85	0	1.4	47	85.2	0.04	2.6	58	0.6	2.8	0.66	1.74	4.87	0.1	311	91.2	0.97
观达菜	14	70	0.1	0.3	1	23	1	1.35	0	0.8	41	260	0.01	1.7	20	0.4	1.1	0.5	0	63	0.04	222	95.1	0.64
芹菜	14	48	0.08	0.1	0.8	12	1.4	0.46	0	1	50	73.8	0.01	0.8	10	0.4	2.5	0.17	2.21	10	0.09	154	94.2	0.47
香菜	31	101	0.14	0.4	2.9	48	1.2	0.45	0	1.1	49	48.5	0.04	1.8	33	2.2	5	0.28	0.8	193	0.21	272	90.5	0.53
苋菜	25	187	0.12	0.3	5.4	47	2.2	0.8	0	1.7	59	32.4	0.03	2.8	119	0.8	2.8	0.78	0.36	352	0.13	207	90.2	0.52
茼蒿	21	73	0.09	0.3	2.5	18	1.2	0.35	0	0.9	36	161.3	0.04	1.9	20	0.6	2.7	0.28	0.92	252	0.06	220	93	0.6
茴香	24	154	0.09	0.4	1.2	26	1.6	0.73	0	1.7	23	186.3	0.06	2.5	46	0.8	2.6	0.31	0.94	402	0.04	149	91.2	0.77
荠菜	27	294	0.15	0.4	5.4	43	1.7	0.68	0	1.4	81	31.6	0.04	2.9	37	0.6	3	0.65	1.01	432	0.29	280	90.6	0.51
莴笋	14	23	0.02	0.1	0.9	4	0.6	0.33	0	0.6	48	36.5	0.02	1	19	0.5	2.2	0.19	0.19	25	0.07	212	95.5	0.54
竹笋	19	9	0.08	0.2	0.5	5	1.8	0.33	0	0.8	34	0.4	0.08	2.8	1	0.6	1.8	1.14	0.05	0	0.09	389	92.8	0.04
百合	162	11	0.04	0.1	1	18	1.7	0.5	0	1.2	61	6.7	0.02	3.2	43	0.7	37.1	0.35	0	0	0.24	510	56.7	0.2
金针菜	199	301	0.21	1.4	8.1	10	7.7	3.99	0	4	216	59.2	0.05	19.4	85	3.1	27.2	1.21	4.92	0.7	0.37	610	40.3	4.22
菊苣	17	52	0.08	0.2	0.8	7	0.9	0.79	0	1.4	28	22	0.08	1.3	15	0.4	3.4	0.42	0	205	0.1	314	93.8	0
芋头	79	36	0.05	0.2	1	6	1	0.49	0	0.9	55	33.1	0.06	2.2	23	0.7	17.1	0.3	0.45	27	0.37	378	78.6	1.45
姜	41	27	0.03	0.6	1.4	4	2.7	0.34	0	0.8	25	14.9	0.02	1.3	44	0.8	7.6	3.2	0	28	0.14	295	87	0.56
白花菜	0	26	0	0	0.6	12	0	0.18	0	0	6	215.7	0	0	33	0	0	6	0	0	0.05	152	93.7	0
枸杞菜	44	36	0.32	1.1	2.4	58	1.6	0.21	0	1	32	29.8	0.08	5.6	74	1.3	2.9	0.37	2.99	592	0.21	170	87.8	0.35
蕨菜	39	17	0	0.4	4.2	23	1.8	0.6	0	0.4	50	0	0	1.6	30	0	7.2	0.32	0.78	183	0.16	292	88.6	0
水果类
苹果	52	4	0.02	0.2	0.6	4	1.2	0.19	0	0.2	12	1.6	0.06	0.2	4	0.2	12.3	0.03	2.12	3	0.06	119	85.9	0.12
梨	44	9	0.06	0.2	0.5	6	3.1	0.46	0	0.3	14	2.1	0.03	0.4	8	0.3	10.2	0.07	1.34	6	0.62	92	85.8	1.14
杏	36	14	0.03	0.1	0.6	4	1.3	0.2	0	0.5	15	2.3	0.02	0.9	11	0.6	7.8	0.06	0.95	75	0.11	226	89.4	0.2
梅	33	11	0	0.9	1.8	0	1	0	0	0.9	36	0	0	0.9	0	0	5.2	0	0	0	0	0	91.1	0
枣	122	22	0.09	0.3	1.2	243	1.9	1.52	0	0.7	23	1.2	0.06	1.1	25	0.9	28.6	0.32	0.78	40	0.06	375	67.4	0.8
蜜枣	321	59	0.1	0.2	3.5	55	5.8	0.25	0	0.7	22	25.1	0.01	1.3	19	0.4	78.6	0.2	0	0	0.07	284	13.4	1
樱桃	46	11	0.02	0.2	0.4	10	0.3	0.23	0	0.5	27	8	0.02	1.1	12	0.6	9.9	0.07	2.22	35	0.1	232	88	0.21
葡萄	43	5	0.02	0.2	0.4	25	0.4	0.18	0	0.3	13	1.3	0.04	0.5	8	0.2	9.9	0.06	0.7	8	0.09	104	88.7	0.2
石榴	63	9	0.03	0.2	0.3	9	4.8	0.19	0	0.6	71	0.9	0.05	1.4	16	0	13.9	0.17	4.91	0	0.14	231	79.1	0
柿	71	9	0.02	0.1	0.2	30	1.4	0.08	0	0.4	23	0.8	0.02	0.4	19	0.3	17.1	0.5	1.12	20	0.06	151	80.6	0.24
桑葚	49	37	0.06	0.4	0.4	0	4.1	0.26	0	1.3	33	2	0.02	1.7	0	0	9.7	0.28	9.87	5	0.07	32	82.8	5.65
醋栗	44	25	0.03	0.6	0.3	28	1.9	0.12	0	0.5	27	1	0.04	0.9	10	0.3	10.2	0.14	0	0	0.07	198	87.9	0
沙棘	119	104	0.21	1.8	8.8	204	0.8	1.16	0	0.8	54	28	0.05	0.9	33	0.4	24.7	0.66	0.01	640	0.56	359	71	2.8
无花果	59	67	0.02	0.1	0.1	2	3	1.42	0	1.1	18	5.5	0.03	1.5	17	0.1	13	0.17	1.82	5	0.01	212	81.3	0.67
猕猴桃	56	27	0.02	0.6	1.2	62	2.6	0.57	0	0.7	26	10	0.05	0.8	12	0.3	11.9	0.73	2.43	22	1.87	144	83.4	0.28
草莓	30	18	0.03	0.2	1.8	47	1.1	0.14	0	0.4	27	4.2	0.02	1	12	0.3	6	0.49	0.71	5	0.04	131	91.3	0.7
橙	47	20	0.04	0.2	0.4	33	0.6	0.14	0	0.5	22	1.2	0.05	0.8	14	0.3	10.5	0.05	0.56	27	0.03	159	87.4	0.31
柑桔	51	35	0.04	0.2	0.2	28	0.4	0.08	0	0.3	18	1.4	0.08	0.7	11	0.4	11.5	0.14	0.92	148	0.04	154	86.9	0.3
柚	41	4	0.03	0.2	0.3	23	0.4	0.4	0	0.5	24	3	0	0.8	4	0.3	9.1	0.08	0	2	0.18	119	89	0.7
柠檬	35	101	0.02	1.2	0.8	22	1.3	0.65	0	0.5	22	1.1	0.05	1.1	37	0.6	4.9	0.05	1.14	0	0.14	209	91	0.5
芭蕉	109	6	0.02	0.1	0.3	0	3.1	0.16	0	0.9	18	1.3	0.02	1.2	29	0.6	25.8	0.78	0	0	0.1	330	68.9	0.81	
菠萝	41	12	0.02	0.1	0.6	18	1.3	0.14	0	0.2	9	0.8	0.04	0.5	8	0.2	9.5	1.04	0	3	0.07	113	88.4	0.24
桂圆	71	6	0.14	0.1	0.2	43	0.4	0.4	0	0.7	30	3.9	0.01	1.2	10	1.3	16.2	0.07	0	3	0.1	248	81.4	0.83
荔枝	70	2	0.04	0.2	0.4	41	0.5	0.17	0	0.4	24	1.7	0.1	0.9	12	1.1	16.1	0.09	0	2	0.16	151	81.9	0.14
芒果	32	0	0.04	0.2	0.2	23	1.3	0.09	0	0.3	11	2.8	0.01	0.6	14	0.3	7	0.2	1.21	150	0.06	138	90.6	1.44
木瓜	27	17	0.02	0.1	0.2	43	0.8	0.25	0	0.3	12	28	0.01	0.4	9	0.3	6.2	0.05	0.3	145	0.03	18	92.2	1.8
人参果	80	13	0.25	0.7	0.2	12	3.5	0.09	0	0.4	7	7.7	0	0.6	11	0.3	17.7	0.13	0	8	0.04	100	77.1	1.86
杨梅	28	14	0.05	0.2	1	9	1	0.14	0	0.3	8	0.7	0.01	0.8	10	0.3	5.7	0.72	0.81	7	0.02	149	92	0.31
杨桃	29	4	0.03	0.2	0.4	7	1.2	0.39	0	0.4	18	1.4	0.02	0.6	10	0.7	6.2	0.36	0	3	0.04	128	91.4	0.83
椰子	231	2	0.01	12.1	1.8	6	4.7	0.92	0	0.8	90	55.6	0.01	4	65	0.5	26.6	0.06	0	0	0.19	475	51.8	0
枇杷	39	17	0.03	0.2	1.1	8	0.8	0.21	0	0.4	8	4	0.01	0.8	10	0.3	8.5	0.34	0.24	0	0.06	122	89.3	0.72
橄榄	49	49	0.01	0.2	0.2	3	4	0.25	0	0.8	18	0	0.01	0.8	10	0.7	11.1	0.48	0	22	0	23	83.1	0.35
西瓜	25	8	0.03	0.1	0.3	6	0.3	0.1	0	0.2	9	3.2	0.02	0.6	8	0.2	5.5	0.05	0.1	75	0.05	87	93.3	0.17
肉类
鸡肉	167	9	0.09	9.4	1.4	0	0	1.09	106	1	156	63.3	0.05	19.3	19	5.6	1.3	0.03	0.67	48	0.07	251	69	11.75
鸭肉	240	6	0.22	19.7	2.2	0	0	1.33	94	0.7	122	69	0.08	15.5	14	4.2	0.2	0.06	0.27	52	0.21	191	63.9	12.25
鹅肉	251	4	0.23	19.9	3.8	0	0	1.36	74	0.8	144	58.8	0.07	17.9	18	4.9	0	0.04	0.22	42	0.43	232	61.4	17.68
鸽肉	201	30	0.2	14.2	3.8	0	0	0.82	99	1	136	63.6	0.06	16.5	27	6.9	1.7	0.05	0.99	53	0.24	334	66.6	11.08
鹌鹑肉	110	48	0.32	3.1	2.3	0	0	1.19	157	1.4	179	48.4	0.04	20.2	20	6.3	0.2	0.08	0.44	40	0.1	204	75.1	11.67
猪肉	395	6	0.16	37	1.6	0	0	2.06	80	0.6	162	59.4	0.22	13.2	16	3.5	2.4	0.03	0.35	18	0.06	2.4	46.8	11.97
腊肉	498	22	0	48.8	7.5	0	0	3.49	123	5.4	249	763.9	0	11.8	35	0	2.9	0.05	6.23	96	0.08	416	31.1	23.52
猪大肠	196	10	0.11	18.7	1	0	0	0.98	137	0.8	56	116.3	0.06	6.9	8	1.9	0	0.07	0.5	7	0.06	44	73.6	16.95
猪大排	264	8	0.15	20.4	0.8	0	0	1.72	165	0.8	125	44.5	0.8	18.3	17	5.3	1.7	0.05	0.11	12	0.12	274	58.8	10.3
猪耳	176	6	0.12	11.1	1.3	0	0	0.35	92	0.4	28	68.2	0.05	19.1	3	3.5	0	0.01	0.85	0	0	58	69.4	4.02
猪蹄	260	33	0.1	18.8	1.1	0	0	1.14	192	0.4	33	101	0.05	22.6	5	1.5	0	0.01	0.01	3	0.09	54	58.2	5.85
猪蹄筋	156	15	0.09	1.4	2.2	0	0	2.3	79	0.4	40	178	0.01	35.3	4	2.9	0.5	0.02	0.1	0	0.04	46	62.4	10.27
猪头皮	499	13	0.05	44.6	1.7	0	0	1.18	304	0.3	37	72.4	0.1	11.8	56	0	12.7	1.25	0.15	0	0.08	62	30.6	0
猪小排	278	14	0.16	23.1	1.4	0	0	3.36	146	1.4	135	62.6	0.3	16.7	14	4.5	0.7	0.02	0.11	5	0.17	230	58.1	11.05
猪肘棒	248	19	0.09	16	1.5	0	0	1.54	65	2.6	122	80	0.1	16.5	5	6.6	9.4	0	0	0	0.13	148	55.5	7.3
猪胆肝	336	12	2.5	6.4	181.3	0	0	11.25	1017	7.8	325	3625	0.41	44.2	95	11	25.3	0.83	0	3582	1.18	855	16.3	42.69
猪肚	110	11	0.16	5.1	2.4	0	0	1.92	165	0.8	124	75.1	0.07	15.2	12	3.7	0.7	0.12	0.32	3	0.1	171	78.2	12.76
猪肺	84	6	0.18	3.9	5.3	0	0	1.21	290	0.7	165	81.4	0.04	12.2	10	1.8	0.1	0.04	0.45	10	0.08	210	83.1	10.77
猪肝	129	6	2.08	3.5	22.6	20	0	5.78	288	1.5	310	68.6	0.21	19.3	24	15	5	0.26	0.86	4972	0.65	235	70.7	19.21
猪脑	131	30	0.19	9.8	1.9	0	0	0.99	2571	1.6	294	130.7	0.11	10.8	10	2.8	0	0.03	0.96	0	0.32	259	78	12.65
猪脾	94	1	0.26	3.2	11.3	0	0	1.44	461	1.1	111	26.1	0.09	13.2	14	0.6	3.1	0.02	0.33	0	0.06	234	79.4	16.5
猪舌	233	13	0.3	18.1	2.8	0	0	2.12	158	0.8	163	79.4	0.13	15.7	14	4.6	1.7	0.04	0.73	15	0.18	216	63.7	11.74	
猪肾	96	12	1.14	3.2	6.1	13	0	2.56	354	1.2	215	134.2	0.31	15.4	22	8	1.4	0.16	0.34	41	0.58	217	78.8	111.77
猪小肠	65	7	0.11	2	2	0	0	2.77	183	0.9	95	204.8	0.12	10	16	3.1	1.7	0.13	0.13	6	0.12	142	85.4	7.22
猪心	119	12	0.48	5.3	4.3	4	0	1.9	151	1	189	71.2	0.19	16.6	17	6.8	1.1	0.05	0.74	13	0.37	260	76	14.94
午餐肉	229	57	0.05	15.9	0.8	0	0	1.39	56	2.8	81	981.9	0.24	9.4	18	11.1	12	0.06	0	0	0.08	146	59.9	4.3
咸肉	390	10	0.21	36	2.6	0	0	2.04	72	8.4	112	195.6	0.77	16.5	30	3.5	0	0.08	0.1	20	0.1	387	40.4	13
猪肉松	396	41	0.13	11.5	6.4	0	0	4.28	111	6	162	469	0.04	23.4	55	3.3	49.7	0.6	10.02	44	0.13	313	9.4	8.77
香肠	508	14	0.11	40.7	5.8	0	0	7.61	82	4.8	198	2309.2	0.48	24.1	52	4.4	11.2	0.36	1.05	0	0.31	453	19.2	8.77
牛肉	125	23	0.14	4.2	3.3	0	0	4.73	84	1.1	168	84.2	0.04	19.9	20	5.6	2	0.04	0.65	7	0.18	216	72.8	6.45
牛蹄筋	151	5	0.13	0.5	3.2	0	0	0.81	0	0.8	150	153.6	0.07	34.1	10	0.7	2.6	0	0	0	0	23	62	1.7
牛大肠	66	12	0.08	2.3	2	0	0	1.05	124	0.4	102	28	0.03	11	0	1.2	0.4	0	0	0	0.03	55	85.9	10.94
牛肚	72	40	0.13	1.6	1.8	0	0	2.31	104	0.6	104	60.6	0.03	14.5	17	2.5	0	0.21	0.51	2	0.07	162	83.4	9.07
牛肺	95	8	0.21	2.5	11.7	13	0	2.67	306	0.9	269	154.8	0.04	16.5	14	3.4	1.5	0.16	0.34	12	0.22	197	78.6	13.61
牛肝	139	4	1.3	3.9	6.6	9	0	5.01	297	1.4	252	45	0.16	19.8	22	11.9	6.2	0.37	0.13	20220	1.34	185	68.7	11.99
牛脑	149	6	0.25	11	4.7	0	0	4.69	2447	1.3	435	185.6	0.15	12.5	20	4	0.1	0.08	0	0	0.28	300	75.1	20.34
牛舌	196	6	0.16	13.3	3.1	0	0	3.39	92	1	151	58.4	0.1	17	18	3.6	2	0.03	0.55	8	0.09	236	66.7	13.84
牛肾	94	8	0.85	2.4	9.4	0	0	2.17	295	1.1	214	180.8	0.24	15.6	13	7.7	2.6	0.06	0.19	88	0.16	190	78.3	70.25
牛心	106	4	0.39	3.5	5.9	5	0	2.41	115	0.8	178	47.9	0.26	15.4	25	6.8	3.1	0.06	0.19	17	0.37	282	77.2	14.8
兔肉	102	12	0.1	2.2	2	0	0	1.3	59	1	165	45.1	0.11	19.7	15	5.8	0.9	0.04	0.42	26	0.12	284	76.2	10.93
马肉	122	5	0.25	4.6	5.1	0	0	12.26	84	1.1	367	115.8	0.06	20.1	41	2.2	0.1	0.03	1.42	28	0.15	526	74.1	3.73
狗肉	118	52	0.2	4.6	2.9	0	0	3.18	62	0.8	107	47.4	0.34	16.8	14	3.5	1.8	0.13	1.4	12	0.14	140	76	14.75
驴肉	116	2	0.16	3.2	4.3	0	0	4.26	74	1.1	178	46.9	0.03	21.5	7	2.5	0.4	0	2.76	72	0.23	325	73.8	6.1
羊肉	203	6	0.14	14.1	2.3	0	0	3.22	92	1.2	146	80.6	0.05	19	20	4.5	0	0.02	0.26	22	0.75	232	65.7	32.2
